SekvensMeta
1;18;51;1
2;1;10;1
3;15;49;1
4;9;21;1
5;4;49;1
6;13;9;1
7;6;57;1
8;1;33;1
9;1;7;1
10;11;22;1
11;14;28;1
12;19;60;1
13;6;53;1
14;5;4;1
15;14;40;1
16;1;27;1
17;6;4;1
18;13;6;1
19;11;33;1
20;3;26;1
21;4;49;1
22;14;42;1
23;2;30;1
24;20;38;1
25;20;22;1
26;5;47;1
27;11;63;1
28;12;20;1
29;14;34;1
30;16;22;1
31;7;35;1
32;12;45;1
33;16;52;1
34;5;39;1
35;7;17;1
36;3;54;1
37;16;65;1
38;2;26;1
39;7;19;1
40;16;56;1
41;10;53;1
42;10;45;1
43;20;33;1
44;1;23;1
45;4;38;1
46;16;65;1
47;5;8;1
48;4;57;1
49;13;25;1
50;5;12;1
51;14;44;1
52;20;16;1
53;11;59;1
54;12;65;1
55;9;63;1
56;15;46;1
57;7;49;1
58;1;3;1
59;12;9;1
60;2;22;1
61;1;48;1
62;17;36;1
63;6;24;1
64;14;22;1
65;3;35;1
66;19;37;1
67;7;32;1
68;7;23;1
69;4;63;1
70;6;43;1
71;14;35;1
72;20;61;1
73;9;31;1
74;20;63;1
75;4;50;1
76;19;27;1
77;15;25;1
78;20;39;1
79;19;1;1
80;20;39;1
81;8;48;1
82;18;50;1
83;14;28;1
84;12;47;1
85;2;35;1
86;9;1;1
87;10;38;1
88;14;5;1
89;15;33;1
90;10;36;1
91;3;4;1
92;14;42;1
93;2;56;1
94;13;28;1
95;18;25;1
96;13;20;1
97;7;56;1
98;14;47;1
99;13;55;1
100;8;27;1
SekvensDiff
1;1;1
2;2;2
3;3;3
4;4;4
5;5;5
6;6;6
7;7;7
8;8;8
9;9;9
10;10;10
11;11;11
12;12;12
13;13;13
14;14;14
15;15;15
16;16;16
17;17;17
18;18;18
19;19;19
20;20;20
21;21;21
22;22;22
23;23;23
24;24;24
25;25;25
26;26;26
27;27;27
28;28;28
29;29;29
30;30;30
31;31;31
32;32;32
33;33;33
34;34;34
35;35;35
36;36;36
37;37;37
38;38;38
39;39;39
40;40;40
41;41;41
42;42;42
43;43;43
44;44;44
45;45;45
46;46;46
47;47;47
48;48;48
49;49;49
50;50;50
51;51;51
52;52;52
53;53;53
54;54;54
55;55;55
56;56;56
57;57;57
58;58;58
59;59;59
60;60;60
61;61;61
62;62;62
63;63;63
64;64;64
65;65;65
66;66;66
67;67;67
68;68;68
69;69;69
70;70;70
71;71;71
72;72;72
73;73;73
74;74;74
75;75;75
76;76;76
77;77;77
78;78;78
79;79;79
80;80;80
81;81;81
82;82;82
83;83;83
84;84;84
85;85;85
86;86;86
87;87;87
88;88;88
89;89;89
90;90;90
91;91;91
92;92;92
93;93;93
94;94;94
95;95;95
96;96;96
97;97;97
98;98;98
99;99;99
100;100;100
101;101;11
102;102;87
103;103;63
104;104;42
105;105;13
106;106;72
107;107;70
108;108;66
109;109;46
110;110;39
111;111;49
112;112;45
113;113;85
114;114;34
115;115;5
116;116;58
117;117;38
118;118;14
119;119;61
120;120;58
121;121;56
122;122;82
123;123;62
124;124;12
125;125;45
126;126;48
127;127;51
128;128;5
129;129;73
130;130;94
131;131;40
132;132;16
133;133;43
134;134;2
135;135;42
136;136;47
137;137;83
138;138;20
139;139;62
140;140;78
141;141;2
142;142;52
143;143;47
144;144;40
145;145;67
146;146;18
147;147;34
148;148;70
149;149;60
150;150;56
151;151;37
152;152;29
153;153;52
154;154;55
155;155;55
156;156;71
157;157;54
158;158;88
159;159;44
160;160;84
161;161;82
162;162;58
163;163;67
164;164;100
165;165;10
166;166;45
167;167;86
168;168;44
169;169;9
170;170;97
171;171;7
172;172;24
173;173;66
174;174;25
175;175;95
176;176;33
177;177;13
178;178;24
179;179;72
180;180;24
181;181;25
182;182;52
183;183;39
184;184;89
185;185;82
186;186;86
187;187;97
188;188;83
189;189;46
190;190;29
191;191;3
192;192;27
193;193;73
194;194;11
195;195;44
196;196;73
197;197;93
198;198;11
199;199;94
200;200;63
