You are running cutadapt 1.6 with Python 2.7.6
Command line parameters: --format=fastq --adapter=AGATCGGAAGAGC --error-rate=0.1 --times=1 --overlap=3 --output=/home/jonas/galaxy/database/files/000/dataset_506.dat /home/jonas/galaxy/database/files/000/dataset_502.dat
Maximum error rate: 10.00%
   No. of adapters: 1
   Processed reads:       494054
   Processed bases:    148710254 bp (148.7 Mbp)
     Trimmed reads:        22744 (4.6%)
     Trimmed bases:       948962 bp (0.9 Mbp) (0.64% of total)
   Too short reads:            0 (0.0% of processed reads)
    Too long reads:            0 (0.0% of processed reads)
        Total time:      7.42 s
     Time per read:      0.015 ms

=== Adapter 1 ===

Sequence: AGATCGGAAGAGC; Length: 13; Trimmed: 22744 times.

No. of allowed errors:
0-9 bp: 0; 10-13 bp: 1

Bases preceding removed adapters:
  A: 42.4%
  C: 14.2%
  G: 13.4%
  T: 30.0%
  none/other: 0.0%

Overview of removed sequences
length	count	expect	max.err	error counts
3	7991	7719.6	0	7991
4	2115	1929.9	0	2115
5	357	482.5	0	357
6	159	120.6	0	159
7	134	30.2	0	134
8	122	7.5	0	122
9	122	1.9	0	113 9
10	174	0.5	1	140 34
11	123	0.1	1	67 56
12	147	0.0	1	120 27
13	125	0.0	1	77 48
14	134	0.0	1	102 32
15	133	0.0	1	103 30
16	124	0.0	1	100 24
17	124	0.0	1	106 18
18	122	0.0	1	96 26
19	116	0.0	1	93 23
20	140	0.0	1	120 20
21	124	0.0	1	104 20
22	113	0.0	1	99 14
23	145	0.0	1	115 30
24	128	0.0	1	105 23
25	121	0.0	1	105 16
26	101	0.0	1	87 14
27	99	0.0	1	88 11
28	110	0.0	1	90 20
29	103	0.0	1	87 16
30	125	0.0	1	101 24
31	94	0.0	1	77 17
32	121	0.0	1	97 24
33	108	0.0	1	90 18
34	95	0.0	1	79 16
35	122	0.0	1	96 26
36	97	0.0	1	87 10
37	114	0.0	1	93 21
38	102	0.0	1	89 13
39	97	0.0	1	87 10
40	84	0.0	1	77 7
41	109	0.0	1	94 15
42	95	0.0	1	80 15
43	105	0.0	1	85 20
44	104	0.0	1	84 20
45	94	0.0	1	79 15
46	98	0.0	1	89 9
47	85	0.0	1	74 11
48	90	0.0	1	72 18
49	92	0.0	1	82 10
50	80	0.0	1	67 13
51	95	0.0	1	81 14
52	104	0.0	1	93 11
53	88	0.0	1	79 9
54	92	0.0	1	81 11
55	85	0.0	1	70 15
56	81	0.0	1	69 12
57	94	0.0	1	85 9
58	100	0.0	1	89 11
59	84	0.0	1	77 7
60	93	0.0	1	84 9
61	76	0.0	1	71 5
62	100	0.0	1	93 7
63	77	0.0	1	71 6
64	71	0.0	1	65 6
65	65	0.0	1	59 6
66	65	0.0	1	60 5
67	75	0.0	1	73 2
68	63	0.0	1	52 11
69	87	0.0	1	76 11
70	72	0.0	1	65 7
71	51	0.0	1	45 6
72	71	0.0	1	63 8
73	64	0.0	1	55 9
74	75	0.0	1	70 5
75	71	0.0	1	62 9
76	58	0.0	1	49 9
77	59	0.0	1	56 3
78	61	0.0	1	55 6
79	88	0.0	1	80 8
80	64	0.0	1	59 5
81	60	0.0	1	54 6
82	73	0.0	1	69 4
83	59	0.0	1	53 6
84	69	0.0	1	66 3
85	61	0.0	1	59 2
86	62	0.0	1	58 4
87	55	0.0	1	48 7
88	62	0.0	1	59 3
89	71	0.0	1	65 6
90	55	0.0	1	52 3
91	47	0.0	1	45 2
92	61	0.0	1	59 2
93	58	0.0	1	55 3
94	57	0.0	1	55 2
95	62	0.0	1	58 4
96	68	0.0	1	67 1
97	52	0.0	1	47 5
98	67	0.0	1	62 5
99	54	0.0	1	51 3
100	54	0.0	1	52 2
101	52	0.0	1	47 5
102	50	0.0	1	48 2
103	52	0.0	1	50 2
104	57	0.0	1	51 6
105	58	0.0	1	56 2
106	57	0.0	1	54 3
107	48	0.0	1	48
108	58	0.0	1	58
109	49	0.0	1	48 1
110	39	0.0	1	39
111	49	0.0	1	47 2
112	43	0.0	1	35 8
113	51	0.0	1	48 3
114	51	0.0	1	46 5
115	45	0.0	1	39 6
116	41	0.0	1	41
117	44	0.0	1	43 1
118	55	0.0	1	54 1
119	42	0.0	1	41 1
120	43	0.0	1	40 3
121	45	0.0	1	43 2
122	42	0.0	1	39 3
123	45	0.0	1	41 4
124	43	0.0	1	43
125	52	0.0	1	50 2
126	28	0.0	1	26 2
127	40	0.0	1	40
128	44	0.0	1	42 2
129	38	0.0	1	36 2
130	46	0.0	1	42 4
131	47	0.0	1	45 2
132	41	0.0	1	38 3
133	59	0.0	1	59
134	37	0.0	1	36 1
135	43	0.0	1	42 1
136	49	0.0	1	47 2
137	39	0.0	1	38 1
138	44	0.0	1	43 1
139	39	0.0	1	39
140	46	0.0	1	45 1
141	36	0.0	1	35 1
142	54	0.0	1	54
143	41	0.0	1	41
144	24	0.0	1	23 1
145	41	0.0	1	41
146	44	0.0	1	41 3
147	51	0.0	1	50 1
148	32	0.0	1	30 2
149	30	0.0	1	30
150	33	0.0	1	32 1
151	26	0.0	1	25 1
152	31	0.0	1	29 2
153	33	0.0	1	32 1
154	27	0.0	1	26 1
155	28	0.0	1	26 2
156	32	0.0	1	31 1
157	27	0.0	1	26 1
158	35	0.0	1	34 1
159	34	0.0	1	33 1
160	33	0.0	1	32 1
161	31	0.0	1	28 3
162	23	0.0	1	23
163	31	0.0	1	29 2
164	30	0.0	1	29 1
165	28	0.0	1	28
166	30	0.0	1	29 1
167	24	0.0	1	23 1
168	34	0.0	1	34
169	25	0.0	1	25
170	19	0.0	1	19
171	33	0.0	1	32 1
172	30	0.0	1	30
173	29	0.0	1	29
174	20	0.0	1	20
175	31	0.0	1	30 1
176	20	0.0	1	20
177	22	0.0	1	22
178	18	0.0	1	18
179	24	0.0	1	24
180	22	0.0	1	20 2
181	21	0.0	1	21
182	17	0.0	1	17
183	13	0.0	1	12 1
184	14	0.0	1	14
185	20	0.0	1	20
186	18	0.0	1	17 1
187	17	0.0	1	17
188	15	0.0	1	15
189	17	0.0	1	16 1
190	13	0.0	1	13
191	18	0.0	1	18
192	11	0.0	1	11
193	18	0.0	1	17 1
194	14	0.0	1	12 2
195	15	0.0	1	15
196	10	0.0	1	10
197	10	0.0	1	10
198	11	0.0	1	10 1
199	15	0.0	1	14 1
200	10	0.0	1	10
201	12	0.0	1	12
202	7	0.0	1	7
203	8	0.0	1	8
204	11	0.0	1	10 1
205	5	0.0	1	5
206	7	0.0	1	7
207	3	0.0	1	3
208	9	0.0	1	8 1
209	6	0.0	1	6
210	8	0.0	1	7 1
211	5	0.0	1	5
212	4	0.0	1	4
213	6	0.0	1	6
214	8	0.0	1	8
215	8	0.0	1	8
216	4	0.0	1	4
217	7	0.0	1	7
218	12	0.0	1	12
219	4	0.0	1	4
220	9	0.0	1	8 1
221	4	0.0	1	4
222	5	0.0	1	5
223	4	0.0	1	4
224	3	0.0	1	3
225	3	0.0	1	3
226	8	0.0	1	8
227	3	0.0	1	2 1
228	3	0.0	1	3
229	4	0.0	1	4
230	1	0.0	1	1
231	4	0.0	1	4
232	1	0.0	1	1
233	4	0.0	1	4
234	4	0.0	1	4
235	1	0.0	1	1
236	2	0.0	1	2
237	3	0.0	1	3
238	3	0.0	1	3
239	2	0.0	1	2
240	2	0.0	1	2
241	2	0.0	1	2
243	1	0.0	1	1
245	1	0.0	1	1
246	1	0.0	1	1
249	1	0.0	1	1
251	1	0.0	1	1
252	1	0.0	1	1
257	1	0.0	1	1
264	1	0.0	1	0 1
301	10	0.0	1	0 10

