You are running cutadapt 1.6 with Python 2.7.6
Command line parameters: --format=fastq --adapter=AGATCGGAAGAGC --error-rate=0.1 --times=1 --overlap=3 --output=/home/jonas/galaxy/database/files/000/dataset_504.dat /home/jonas/galaxy/database/files/000/dataset_501.dat
Maximum error rate: 10.00%
   No. of adapters: 1
   Processed reads:       494054
   Processed bases:    148710254 bp (148.7 Mbp)
     Trimmed reads:        24052 (4.9%)
     Trimmed bases:       967947 bp (1.0 Mbp) (0.65% of total)
   Too short reads:            0 (0.0% of processed reads)
    Too long reads:            0 (0.0% of processed reads)
        Total time:      7.41 s
     Time per read:      0.015 ms

=== Adapter 1 ===

Sequence: AGATCGGAAGAGC; Length: 13; Trimmed: 24052 times.

No. of allowed errors:
0-9 bp: 0; 10-13 bp: 1

Bases preceding removed adapters:
  A: 42.8%
  C: 13.2%
  G: 13.3%
  T: 30.7%
  none/other: 0.0%

Overview of removed sequences
length	count	expect	max.err	error counts
3	8170	7719.6	0	8170
4	2668	1929.9	0	2668
5	464	482.5	0	464
6	168	120.6	0	168
7	150	30.2	0	150
8	162	7.5	0	162
9	157	1.9	0	153 4
10	175	0.5	1	158 17
11	139	0.1	1	115 24
12	156	0.0	1	135 21
13	147	0.0	1	132 15
14	146	0.0	1	130 16
15	145	0.0	1	132 13
16	131	0.0	1	115 16
17	133	0.0	1	121 12
18	134	0.0	1	124 10
19	125	0.0	1	116 9
20	152	0.0	1	140 12
21	131	0.0	1	116 15
22	124	0.0	1	111 13
23	149	0.0	1	140 9
24	139	0.0	1	126 13
25	130	0.0	1	113 17
26	111	0.0	1	97 14
27	104	0.0	1	91 13
28	116	0.0	1	106 10
29	113	0.0	1	106 7
30	130	0.0	1	119 11
31	99	0.0	1	90 9
32	123	0.0	1	112 11
33	111	0.0	1	102 9
34	103	0.0	1	96 7
35	122	0.0	1	116 6
36	102	0.0	1	94 8
37	112	0.0	1	103 9
38	104	0.0	1	92 12
39	97	0.0	1	92 5
40	91	0.0	1	86 5
41	114	0.0	1	105 9
42	98	0.0	1	90 8
43	110	0.0	1	99 11
44	106	0.0	1	96 10
45	97	0.0	1	92 5
46	101	0.0	1	98 3
47	89	0.0	1	84 5
48	95	0.0	1	91 4
49	98	0.0	1	91 7
50	82	0.0	1	79 3
51	97	0.0	1	90 7
52	107	0.0	1	99 8
53	90	0.0	1	85 5
54	95	0.0	1	89 6
55	87	0.0	1	82 5
56	89	0.0	1	82 7
57	96	0.0	1	90 6
58	102	0.0	1	96 6
59	84	0.0	1	78 6
60	94	0.0	1	89 5
61	78	0.0	1	73 5
62	101	0.0	1	95 6
63	80	0.0	1	75 5
64	75	0.0	1	71 4
65	64	0.0	1	61 3
66	63	0.0	1	60 3
67	79	0.0	1	75 4
68	64	0.0	1	60 4
69	89	0.0	1	88 1
70	75	0.0	1	68 7
71	53	0.0	1	52 1
72	72	0.0	1	66 6
73	65	0.0	1	61 4
74	76	0.0	1	71 5
75	70	0.0	1	64 6
76	62	0.0	1	60 2
77	63	0.0	1	61 2
78	61	0.0	1	59 2
79	90	0.0	1	89 1
80	65	0.0	1	62 3
81	62	0.0	1	57 5
82	76	0.0	1	70 6
83	61	0.0	1	56 5
84	68	0.0	1	68
85	64	0.0	1	58 6
86	63	0.0	1	59 4
87	58	0.0	1	56 2
88	64	0.0	1	62 2
89	70	0.0	1	67 3
90	54	0.0	1	54
91	53	0.0	1	51 2
92	64	0.0	1	60 4
93	58	0.0	1	56 2
94	56	0.0	1	53 3
95	62	0.0	1	61 1
96	71	0.0	1	68 3
97	52	0.0	1	52
98	68	0.0	1	65 3
99	56	0.0	1	53 3
100	55	0.0	1	52 3
101	53	0.0	1	51 2
102	50	0.0	1	48 2
103	51	0.0	1	51
104	56	0.0	1	55 1
105	58	0.0	1	58
106	57	0.0	1	56 1
107	48	0.0	1	48
108	58	0.0	1	57 1
109	49	0.0	1	48 1
110	40	0.0	1	38 2
111	50	0.0	1	48 2
112	43	0.0	1	41 2
113	53	0.0	1	51 2
114	51	0.0	1	50 1
115	43	0.0	1	42 1
116	42	0.0	1	40 2
117	43	0.0	1	42 1
118	54	0.0	1	54
119	45	0.0	1	44 1
120	43	0.0	1	41 2
121	46	0.0	1	46
122	42	0.0	1	40 2
123	46	0.0	1	40 6
124	44	0.0	1	41 3
125	52	0.0	1	50 2
126	28	0.0	1	25 3
127	41	0.0	1	41
128	44	0.0	1	42 2
129	40	0.0	1	38 2
130	45	0.0	1	43 2
131	47	0.0	1	46 1
132	41	0.0	1	40 1
133	59	0.0	1	58 1
134	38	0.0	1	37 1
135	43	0.0	1	41 2
136	49	0.0	1	45 4
137	40	0.0	1	40
138	43	0.0	1	43
139	39	0.0	1	38 1
140	46	0.0	1	46
141	36	0.0	1	36
142	55	0.0	1	55
143	42	0.0	1	41 1
144	24	0.0	1	24
145	41	0.0	1	41
146	44	0.0	1	43 1
147	50	0.0	1	49 1
148	31	0.0	1	31
149	30	0.0	1	29 1
150	33	0.0	1	33
151	27	0.0	1	25 2
152	32	0.0	1	32
153	33	0.0	1	29 4
154	28	0.0	1	28
155	31	0.0	1	29 2
156	32	0.0	1	31 1
157	27	0.0	1	25 2
158	34	0.0	1	33 1
159	35	0.0	1	34 1
160	33	0.0	1	32 1
161	32	0.0	1	32
162	23	0.0	1	21 2
163	31	0.0	1	29 2
164	29	0.0	1	28 1
165	28	0.0	1	28
166	31	0.0	1	28 3
167	24	0.0	1	22 2
168	34	0.0	1	31 3
169	25	0.0	1	24 1
170	19	0.0	1	19
171	32	0.0	1	32
172	30	0.0	1	28 2
173	30	0.0	1	28 2
174	21	0.0	1	21
175	31	0.0	1	28 3
176	20	0.0	1	20
177	22	0.0	1	22
178	19	0.0	1	19
179	24	0.0	1	24
180	23	0.0	1	20 3
181	21	0.0	1	21
182	17	0.0	1	17
183	13	0.0	1	12 1
184	14	0.0	1	13 1
185	20	0.0	1	19 1
186	18	0.0	1	17 1
187	17	0.0	1	16 1
188	15	0.0	1	15
189	17	0.0	1	16 1
190	13	0.0	1	13
191	19	0.0	1	19
192	11	0.0	1	11
193	18	0.0	1	17 1
194	14	0.0	1	13 1
195	15	0.0	1	13 2
196	10	0.0	1	8 2
197	10	0.0	1	10
198	11	0.0	1	11
199	15	0.0	1	15
200	10	0.0	1	10
201	12	0.0	1	11 1
202	7	0.0	1	7
203	8	0.0	1	8
204	11	0.0	1	11
205	5	0.0	1	5
206	7	0.0	1	7
207	3	0.0	1	3
208	9	0.0	1	9
209	6	0.0	1	6
210	7	0.0	1	6 1
211	5	0.0	1	5
212	4	0.0	1	4
213	6	0.0	1	6
214	8	0.0	1	8
215	8	0.0	1	8
216	4	0.0	1	4
217	7	0.0	1	7
218	13	0.0	1	12 1
219	4	0.0	1	4
220	8	0.0	1	8
221	4	0.0	1	4
222	5	0.0	1	4 1
223	4	0.0	1	4
224	3	0.0	1	3
225	3	0.0	1	3
226	8	0.0	1	8
227	3	0.0	1	3
228	3	0.0	1	3
229	4	0.0	1	4
230	1	0.0	1	1
231	3	0.0	1	3
232	1	0.0	1	1
233	4	0.0	1	4
234	4	0.0	1	4
235	1	0.0	1	1
236	2	0.0	1	2
237	3	0.0	1	3
238	3	0.0	1	3
239	2	0.0	1	2
240	2	0.0	1	2
241	2	0.0	1	2
243	1	0.0	1	1
245	1	0.0	1	1
246	1	0.0	1	1
249	1	0.0	1	1
251	1	0.0	1	1
252	1	0.0	1	1
257	1	0.0	1	1
301	10	0.0	1	0 10

